      0/99     1.54G   0.08716   0.01089   0.03813    0.1362        19       640   0.08583    0.1606   0.05202   0.01164     0.125   0.01588    0.0451
      1/99      1.5G   0.06866  0.007361   0.02366   0.09968        32       640    0.5393    0.1997    0.1972   0.05481    0.1217   0.01493   0.03954
      2/99      1.5G    0.0653  0.006415    0.0153   0.08702        10       640    0.4358    0.1904    0.2197   0.07363     0.125   0.01385   0.03761
      3/99      1.5G    0.0638  0.006294    0.0163    0.0864        18       640      0.37    0.1573    0.1617   0.04803    0.1251   0.01476   0.04448
      4/99      1.5G   0.06196  0.006733   0.01511    0.0838        25       640    0.2026    0.3468     0.148    0.0467    0.1211   0.01728   0.05826
      5/99      1.5G   0.05965  0.006788   0.01211   0.07855        31       640    0.1602    0.3377    0.1412   0.04233    0.1177   0.01769   0.07215
      6/99      1.5G   0.05933   0.00651  0.009952    0.0758        31       640    0.2454    0.3442    0.1854   0.06542    0.1101   0.01736   0.03607
      7/99      1.5G    0.0555   0.00718   0.01009   0.07277        16       640    0.6569    0.4458    0.4671    0.1689    0.1042   0.01699   0.03077
      8/99      1.5G   0.05365    0.0071  0.007709   0.06845        29       640    0.6778    0.4016    0.4713    0.1688    0.1005   0.01845   0.03045
      9/99      1.5G   0.05136  0.007092  0.006098   0.06455        26       640    0.6336    0.5418    0.5532    0.2151   0.09804   0.01697   0.02736
     10/99      1.5G    0.0492  0.007117  0.005066   0.06139        31       640    0.7816     0.548    0.6054    0.2472   0.09284    0.0172   0.02454
     11/99      1.5G   0.04866   0.00675  0.004846   0.06026        27       640    0.6912    0.5812    0.5993    0.2341    0.0931   0.01739    0.0268
     12/99      1.5G   0.04798  0.006885  0.004214   0.05908        20       640    0.7098    0.5906     0.615    0.2615   0.09103   0.01743   0.02614
     13/99      1.5G    0.0461  0.006898  0.004777   0.05778        30       640    0.7845    0.6159    0.6562    0.2576   0.08969   0.01687   0.02539
     14/99      1.5G     0.046  0.007001  0.004164   0.05717        25       640    0.8068    0.5948    0.6454    0.2611   0.08817   0.01749   0.02607
     15/99      1.5G   0.04488  0.006872  0.003995   0.05575        21       640    0.7788    0.6422    0.6772    0.2867   0.08506   0.01774   0.02618
     16/99      1.5G   0.04436  0.007014  0.003374   0.05475        14       640     0.793    0.6558    0.6992    0.3068   0.08338   0.01777   0.02553
     17/99      1.5G   0.04338   0.00678  0.003518   0.05368        18       640    0.8199    0.6153     0.675    0.2967   0.07979   0.01908   0.02438
     18/99      1.5G   0.04249  0.006825  0.003282   0.05259        18       640    0.7896    0.6273     0.699    0.3216   0.07868   0.01782    0.0241
     19/99      1.5G   0.04148  0.006832  0.003124   0.05143        14       640    0.8206    0.6397    0.6925    0.3158   0.07845   0.01798   0.02389
     20/99      1.5G   0.04225  0.007099   0.00297   0.05232        37       640    0.8202    0.6626    0.7268    0.3201   0.07674   0.01747   0.02393
     21/99      1.5G   0.04161  0.006917  0.002756   0.05128        35       640    0.8042    0.6795    0.7174    0.3133   0.07557   0.01777   0.02336
     22/99      1.5G   0.04088  0.006876  0.003011   0.05077        25       640    0.8558    0.6681    0.7402    0.3297   0.07541   0.01784    0.0224
     23/99      1.5G   0.04063  0.006695   0.00217    0.0495        29       640    0.8445    0.6473    0.7205    0.3258   0.07526   0.01761   0.02459
     24/99      1.5G   0.04056  0.006729  0.002777   0.05007        34       640    0.8651     0.633    0.7236    0.3264   0.07386   0.01816   0.02339
     25/99      1.5G   0.04033  0.006536   0.00249   0.04936        27       640    0.8764    0.6785    0.7413     0.339   0.07253   0.01748   0.02277
     26/99      1.5G   0.04031  0.006411  0.002167   0.04889        23       640    0.8749    0.6567    0.7446    0.3489   0.07293   0.01798   0.02383
     27/99      1.5G   0.03978  0.006774  0.002542   0.04909        21       640    0.8088    0.6892    0.7234    0.3304    0.0726    0.0183   0.02207
     28/99      1.5G    0.0392  0.006301  0.002039   0.04754        23       640    0.8429     0.704    0.7588     0.355    0.0722   0.01743   0.02283
     29/99      1.5G    0.0386   0.00634  0.002485   0.04742        23       640    0.8678    0.7185    0.7724    0.3466   0.07287   0.01743   0.02275
     30/99      1.5G   0.03898   0.00644  0.002446   0.04786        21       640    0.8665    0.6995    0.7638    0.3482   0.07294   0.01727   0.02328
     31/99      1.5G   0.03918  0.006584  0.002859   0.04862        29       640    0.9142     0.668    0.7522    0.3469   0.07263   0.01759   0.02278
     32/99      1.5G   0.03891  0.006514  0.002559   0.04798        23       640    0.8315    0.7242    0.7583    0.3458   0.07218   0.01727   0.02299
     33/99      1.5G    0.0378  0.006369  0.002167   0.04634        22       640    0.8967    0.6855    0.7521    0.3377   0.07179   0.01783    0.0233
     34/99      1.5G   0.03786  0.006401  0.001857   0.04612        23       640     0.822    0.7328    0.7653    0.3524   0.07158   0.01773   0.02326
     35/99      1.5G   0.03867  0.006559  0.002571    0.0478        28       640    0.8477    0.7059    0.7389    0.3367   0.07044     0.018   0.02261
     36/99      1.5G   0.03797  0.006496  0.002051   0.04652        33       640    0.8824    0.6905    0.7575     0.358   0.06885   0.01853   0.02326
     37/99      1.5G   0.03743  0.006504  0.002113   0.04604        28       640    0.8938    0.7056     0.774     0.362   0.06955   0.01731   0.02314
     38/99      1.5G   0.03739  0.006561  0.001975   0.04593        26       640    0.8802    0.6948     0.762      0.36   0.06914   0.01798   0.02382
     39/99      1.5G   0.03705  0.006464  0.001977   0.04549        30       640    0.8889     0.727    0.7767    0.3595   0.06861   0.01836   0.02282
     40/99      1.5G   0.03765  0.006243  0.001528   0.04542        28       640    0.8625    0.7198      0.77    0.3616   0.06898   0.01795   0.02316
     41/99      1.5G   0.03687  0.006505  0.001929    0.0453        32       640      0.86    0.7149    0.7694    0.3531   0.06877    0.0184   0.02233
     42/99      1.5G    0.0371  0.006249   0.00169   0.04504        30       640     0.811    0.7191     0.752      0.36   0.06824   0.01866    0.0224
     43/99      1.5G   0.03715  0.006126  0.001853   0.04513        14       640    0.8657    0.7356    0.7854    0.3596   0.06744    0.0181   0.02255
     44/99      1.5G   0.03677  0.006245  0.001544   0.04456        18       640    0.8903    0.7168    0.7822    0.3674   0.06726   0.01857   0.02345
     45/99      1.5G   0.03698   0.00658  0.002101   0.04566        23       640    0.8845    0.7287    0.7848     0.379   0.06736   0.01864   0.02397
     46/99      1.5G    0.0361  0.006305  0.001469   0.04387        24       640    0.8736    0.7403    0.7881    0.3637   0.06736   0.01833   0.02338
     47/99      1.5G   0.03626  0.006599  0.002053   0.04491        39       640    0.8843    0.6984    0.7715    0.3681   0.06736   0.01849   0.02347
     48/99      1.5G   0.03547  0.006097  0.001691   0.04326        24       640    0.8852    0.6921    0.7648    0.3673   0.06649   0.01864   0.02302
     49/99      1.5G   0.03595  0.006372  0.001564   0.04388        23       640    0.8634    0.7449    0.7884     0.373   0.06647   0.01848   0.02281
     50/99      1.5G   0.03538  0.006307  0.001606   0.04329        20       640    0.8493    0.7447    0.7907    0.3698   0.06586   0.01872   0.02278
     51/99      1.5G   0.03528  0.006146  0.001501   0.04293        37       640     0.898    0.7116    0.7874    0.3682   0.06579   0.01851   0.02211
     52/99      1.5G   0.03501  0.006032  0.001533   0.04257        19       640    0.8857     0.724    0.7848    0.3699   0.06656   0.01868   0.02272
     53/99      1.5G   0.03549  0.006243  0.001635   0.04336        21       640    0.8462    0.7443    0.7875    0.3638   0.06539   0.01888   0.02204
     54/99      1.5G     0.035  0.006173  0.001212   0.04239        20       640    0.8881    0.7433    0.7985    0.3745   0.06591   0.01818   0.02279
     55/99      1.5G    0.0349  0.006323  0.001337   0.04256        28       640     0.886    0.7437    0.7953    0.3826   0.06548   0.01814   0.02255
     56/99      1.5G   0.03484  0.006311  0.001459   0.04261        23       640    0.8875    0.7343    0.7903    0.3812   0.06471   0.01839   0.02251
     57/99      1.5G   0.03466  0.006137  0.001277   0.04207        27       640    0.8849    0.7426    0.7965    0.3874   0.06553    0.0186   0.02241
     58/99      1.5G   0.03423  0.005963  0.001131   0.04132        29       640    0.8962    0.7297     0.799    0.3808   0.06498   0.01829   0.02238
     59/99      1.5G   0.03454  0.006278  0.001209   0.04203        26       640    0.8813    0.7267    0.7853    0.3701   0.06479   0.01853   0.02307
     60/99      1.5G    0.0341   0.00641  0.001174   0.04168        32       640    0.8534    0.7513    0.7888    0.3765   0.06486   0.01855   0.02321
     61/99      1.5G    0.0337  0.006015  0.001032   0.04075        28       640    0.8863     0.727    0.7904    0.3822    0.0649   0.01899   0.02323
     62/99      1.5G   0.03451  0.005996  0.001318   0.04182        17       640    0.8609    0.7408    0.7919    0.3825    0.0641   0.01896   0.02341
     63/99      1.5G   0.03423  0.006075  0.001149   0.04146        22       640    0.9187    0.7464    0.8112     0.383   0.06417    0.0186   0.02375
     64/99      1.5G   0.03381  0.006123   0.00102   0.04096        11       640    0.9331    0.7075    0.7922    0.3819    0.0643   0.01865   0.02398
     65/99      1.5G   0.03382  0.005926  0.001504   0.04125        19       640    0.8747    0.7242    0.7746    0.3803   0.06414   0.01871   0.02371
     66/99      1.5G   0.03413  0.006015  0.001363   0.04151        40       640    0.8683    0.7397    0.7948    0.3876   0.06361   0.01902   0.02394
     67/99      1.5G   0.03365  0.006027    0.0014   0.04108        21       640    0.8875    0.7321    0.7828    0.3842    0.0632   0.01894   0.02323
     68/99      1.5G   0.03306  0.006003  0.001163   0.04022        42       640    0.8957    0.7451     0.799    0.3884   0.06334   0.01863    0.0235
     69/99      1.5G   0.03299  0.005902 0.0009252   0.03981        23       640    0.9118    0.7467     0.813    0.3904   0.06318   0.01864   0.02411
     70/99      1.5G   0.03274  0.006017  0.001158   0.03991        22       640    0.8992     0.738    0.8003    0.3843   0.06348   0.01868   0.02419
     71/99      1.5G   0.03299  0.006068 0.0009888   0.04005        33       640    0.9148    0.7371    0.7975    0.3941   0.06314   0.01871   0.02374
     72/99      1.5G    0.0339  0.006158  0.001311   0.04137        25       640    0.8838    0.7605    0.8059    0.3988   0.06278   0.01864   0.02367
     73/99      1.5G   0.03276  0.006141  0.001279   0.04018        27       640    0.9096    0.7483    0.8141    0.3988    0.0628   0.01865   0.02356
     74/99      1.5G   0.03274   0.00594  0.001436   0.04012        22       640    0.9121    0.7367    0.8086    0.3976   0.06279   0.01884   0.02327
     75/99      1.5G   0.03294  0.006165  0.001167   0.04027        38       640    0.8855    0.7606    0.8135    0.3969   0.06279   0.01866   0.02286
     76/99      1.5G   0.03308  0.006122  0.001278   0.04048        18       640    0.9091    0.7344    0.8019    0.3906   0.06295    0.0187   0.02268
     77/99      1.5G   0.03244  0.005965  0.001349   0.03975        29       640     0.867    0.7612    0.8013    0.3948   0.06266   0.01867   0.02265
     78/99      1.5G   0.03229  0.006207 0.0008845   0.03939        15       640    0.9066    0.7501    0.8049    0.3934   0.06259   0.01861   0.02331
     79/99      1.5G   0.03209  0.006066 0.0009291   0.03908        32       640    0.9098    0.7506    0.7978    0.3922   0.06249   0.01878   0.02318
     80/99      1.5G   0.03206  0.005856  0.001129   0.03905        25       640    0.9042    0.7618    0.8121    0.4008   0.06228   0.01889   0.02297
     81/99      1.5G   0.03217  0.006148 0.0009613   0.03928        17       640    0.8858    0.7598    0.8107    0.4006   0.06219   0.01885   0.02313
     82/99      1.5G   0.03185  0.006073  0.001039   0.03897        30       640    0.9064    0.7492    0.8093    0.4001   0.06215    0.0187   0.02317
     83/99      1.5G   0.03203  0.005947 0.0008918   0.03887        11       640    0.8737    0.7689    0.8074    0.4015   0.06223   0.01876   0.02328
     84/99      1.5G   0.03269  0.006211  0.001304    0.0402        23       640    0.8907    0.7716    0.8079    0.4036   0.06198   0.01867   0.02319
     85/99      1.5G   0.03245   0.00601 0.0008811   0.03934        10       640     0.908    0.7567    0.8116    0.4063     0.062   0.01867   0.02302
     86/99      1.5G   0.03192  0.005983 0.0009797   0.03888        32       640    0.8679    0.7723    0.8091    0.3984   0.06223   0.01881    0.0231
     87/99      1.5G   0.03201  0.005852  0.001249   0.03911        37       640     0.881    0.7678    0.8109    0.4029   0.06187   0.01877   0.02323
     88/99      1.5G   0.03167  0.005842  0.001129   0.03864        26       640    0.8865     0.773     0.807    0.3996   0.06196    0.0187   0.02316
     89/99      1.5G   0.03199  0.006033  0.001152   0.03917        29       640    0.8841    0.7749    0.8124    0.4034   0.06193   0.01867   0.02312
     90/99      1.5G   0.03204  0.006023  0.001109   0.03917        39       640    0.8836    0.7753    0.8149    0.3998   0.06191   0.01883   0.02301
     91/99      1.5G   0.03136  0.005848 0.0008953    0.0381        25       640    0.8947    0.7655    0.8147    0.4011   0.06181   0.01876   0.02309
     92/99      1.5G   0.03203  0.006012   0.00126    0.0393        22       640    0.8782    0.7686     0.811    0.4007   0.06189   0.01877   0.02299
     93/99      1.5G   0.03154  0.005991 0.0009356   0.03846        27       640    0.8774    0.7768    0.8144    0.4011   0.06173   0.01874   0.02298
     94/99      1.5G   0.03135  0.005883  0.001103   0.03834        27       640    0.8975    0.7626    0.8118    0.4023   0.06173   0.01876   0.02305
     95/99      1.5G   0.03168  0.005825 0.0009105   0.03841        28       640    0.9019    0.7557    0.8104    0.3975   0.06182   0.01872   0.02306
     96/99      1.5G   0.03149  0.005901  0.001064   0.03845        30       640    0.8929    0.7603    0.8068    0.4009    0.0618   0.01871   0.02316
     97/99      1.5G   0.03192  0.006007 0.0009739    0.0389        16       640    0.8947    0.7656    0.8151    0.4017   0.06177   0.01873   0.02304
     98/99      1.5G   0.03141  0.005938  0.000946   0.03829        22       640    0.9007    0.7596    0.8125    0.4025   0.06176   0.01873   0.02309
     99/99      1.5G   0.03159  0.005807  0.001046   0.03844        27       640    0.9027    0.7661    0.8145    0.4063   0.06168   0.01878   0.02313
