      0/99     1.81G   0.08665   0.01634   0.04199     0.145        24       640 0.0001102   0.03761 1.794e-05 3.772e-06    0.1204    0.0227   0.04169
      1/99     2.56G   0.08141   0.01122    0.0391    0.1317        14       640  0.001212  0.002212 3.338e-05 7.412e-06    0.1238    0.0195   0.04199
      2/99     2.56G   0.07939   0.01015   0.03724    0.1268        14       640 0.0004683   0.06226   8.9e-05 1.408e-05    0.1208   0.02033   0.04096
      3/99     2.56G   0.07599   0.01034   0.03487    0.1212        40       640    0.2563  0.004425  0.001086 0.0001973    0.1153   0.02305    0.0404
      4/99     2.56G   0.07139   0.01107   0.03334    0.1158        21       640    0.5058   0.04204  0.002677 0.0006433    0.1159   0.02298   0.04043
      5/99     2.56G   0.06858    0.0113   0.03123    0.1111        30       640    0.5224   0.03319  0.008939  0.001828    0.1106   0.02385   0.04052
      6/99     2.56G   0.06627   0.01132   0.02892    0.1065        29       640    0.5571    0.0531   0.03401  0.009355      0.11   0.02356   0.03838
      7/99     2.56G   0.06697   0.01081   0.02761    0.1054        43       640    0.8286   0.03982   0.03194   0.01001    0.1086   0.02369   0.03805
      8/99     2.56G   0.06584   0.01068   0.02471    0.1012        29       640    0.2878   0.03319    0.0164  0.004867    0.1059   0.02479   0.04151
      9/99     2.56G   0.06407   0.01055   0.02368   0.09829        28       640   0.03483    0.0537  0.006495  0.001514    0.1096   0.02371    0.0463
     10/99     2.56G     0.064   0.01037   0.01957   0.09394        37       640   0.07914    0.1338   0.03299  0.009445    0.1081   0.02425   0.03436
     11/99     2.56G   0.06454   0.00957   0.01685   0.09096        14       640    0.0232   0.06457  0.003144   0.00079    0.1199   0.02125   0.05459
     12/99     2.56G   0.06397    0.0094   0.01393    0.0873        29       640    0.1567    0.1285     0.075   0.02539    0.1078   0.02379   0.03029
     13/99     2.56G    0.0631  0.009514   0.01206   0.08468        22       640    0.1563    0.2011    0.1128   0.03388    0.1118   0.01952   0.03364
     14/99     2.56G   0.06086  0.009516   0.01086   0.08124        29       640    0.3705    0.2557    0.2187    0.0699    0.1021   0.02128   0.02651
     15/99     2.56G   0.05831  0.008995  0.009748   0.07705        18       640    0.5054     0.252    0.2717   0.09148    0.1012   0.02037   0.02445
     16/99     2.56G   0.05758   0.00886  0.008217   0.07466        25       640     0.349    0.2904    0.2333   0.07869    0.1024   0.02125   0.02228
     17/99     2.56G    0.0567  0.008763  0.007585   0.07305        17       640    0.4468    0.3122    0.3015   0.09428    0.1013   0.02012   0.02462
     18/99     2.56G   0.05562   0.00877  0.006198   0.07059        25       640    0.4665    0.3077    0.2905   0.09439    0.0991   0.02099   0.02211
     19/99     2.56G   0.05431  0.008423  0.006123   0.06886        28       640    0.4871    0.3614    0.3448    0.1231   0.09715   0.02097   0.02246
     20/99     2.56G   0.05382  0.008506  0.005885   0.06821        30       640    0.4171    0.3614     0.297   0.09591   0.09628   0.02291   0.02026
     21/99     2.56G   0.05353  0.008746  0.006116   0.06839        23       640    0.5389    0.4037    0.3937     0.139   0.09318   0.02242   0.02442
     22/99     2.56G   0.05213  0.008443  0.005103   0.06568        31       640    0.6201    0.3833    0.4095    0.1465     0.091   0.02101   0.02331
     23/99     2.56G   0.05149  0.008367  0.004219   0.06407        27       640    0.4904    0.4219    0.4094    0.1413   0.09077   0.02121   0.02274
     24/99     2.56G   0.05179  0.008354  0.004778   0.06493        23       640    0.4851    0.3872    0.3652    0.1328   0.09567   0.02036   0.02057
     25/99     2.56G   0.05005  0.008371  0.004767   0.06319        29       640    0.5959    0.4775    0.4695    0.1731   0.09087   0.01887    0.0211
     26/99     2.56G   0.04982  0.008145  0.004354   0.06232        23       640    0.7362    0.4293    0.4787    0.1744   0.08906   0.02035   0.02232
     27/99     2.56G   0.05011   0.00799  0.004693   0.06279        15       640    0.7284     0.393    0.4692    0.1735   0.08985   0.02115   0.01922
     28/99     2.56G   0.04999  0.008544  0.004742   0.06328        34       640    0.6638    0.4474    0.4804    0.1804   0.08661   0.02015   0.02366
     29/99     2.56G   0.04941  0.008136  0.004417   0.06197        26       640    0.6918    0.4601    0.5062    0.1907   0.08732   0.02038    0.0227
     30/99     2.56G   0.04803  0.007669   0.00409   0.05979        22       640    0.5682    0.5055    0.4981    0.1825   0.08616   0.02088   0.02085
     31/99     2.56G   0.04748  0.007851   0.00316   0.05849        32       640    0.7092    0.5228    0.5446     0.218   0.08467   0.01928   0.02198
     32/99     2.56G   0.04716  0.008072    0.0038   0.05903        21       640    0.7406    0.4963    0.5558    0.2091   0.08326   0.01994    0.0206
     33/99     2.56G   0.04722  0.007581  0.003369   0.05817        30       640    0.7178    0.5354    0.5636    0.2186   0.08269   0.02006   0.02275
     34/99     2.56G   0.04594  0.007529   0.00303    0.0565        22       640    0.7085    0.5477    0.5786    0.2398   0.08197   0.01968   0.02033
     35/99     2.56G    0.0466  0.007784  0.003755   0.05814        35       640    0.7189    0.5418    0.5723    0.2153   0.08371   0.01874   0.02139
     36/99     2.56G   0.04557  0.007818  0.003361   0.05675        38       640    0.7226    0.5456    0.5753    0.2239    0.0812    0.0213   0.02006
     37/99     2.56G    0.0456  0.007348   0.00339   0.05633        15       640    0.7388     0.541    0.5839    0.2367   0.08177   0.01972   0.02046
     38/99     2.56G   0.04534  0.007873  0.003039   0.05626        22       640    0.7528    0.5491    0.6114    0.2403   0.08099   0.01933   0.02137
     39/99     2.56G   0.04513  0.007682  0.003231   0.05605        43       640    0.7612    0.5394    0.5773    0.2301   0.08048   0.01921   0.02082
     40/99     2.56G    0.0454  0.007737  0.003471   0.05661        20       640    0.7426     0.561     0.605    0.2534   0.08084   0.01986   0.02169
     41/99     2.56G   0.04528   0.00796  0.003413   0.05665        33       640    0.7979    0.5472    0.6042    0.2408   0.08077   0.01904   0.02061
     42/99     2.56G   0.04453   0.00723  0.002681   0.05444        26       640     0.797    0.5493    0.6079    0.2541   0.07882   0.01928   0.02114
     43/99     2.56G    0.0439  0.007572  0.002845   0.05431        27       640    0.7869    0.5758    0.6249    0.2537   0.07968   0.01964   0.02056
     44/99     2.56G    0.0436  0.007339  0.002787   0.05373        27       640    0.7938    0.5844    0.6331    0.2702   0.07751   0.01925   0.02086
     45/99     2.56G   0.04391  0.006934  0.002312   0.05315        22       640    0.7588    0.5802    0.6253    0.2665   0.07763   0.02019   0.02206
     46/99     2.56G   0.04316  0.007373  0.003279   0.05382        22       640    0.7923    0.5659     0.639    0.2771   0.07756   0.01931    0.0199
     47/99     2.56G   0.04278  0.007516  0.002402    0.0527        19       640    0.7728    0.5673    0.6213    0.2662   0.07828    0.0192   0.01926
     48/99     2.56G   0.04288   0.00742  0.002415   0.05272        25       640    0.8221    0.5801    0.6336    0.2724   0.07705   0.01901   0.02221
     49/99     2.56G   0.04227   0.00737  0.002301   0.05194        19       640    0.8057    0.5912    0.6481    0.2624   0.07603   0.01902    0.0214
     50/99     2.56G   0.04252  0.006929  0.002494   0.05194        25       640    0.7417     0.598    0.6337    0.2681   0.07595   0.01963   0.02085
     51/99     2.56G    0.0426  0.007307  0.003015   0.05292        33       640    0.8446    0.5904    0.6582     0.287   0.07566   0.01936    0.0201
     52/99     2.56G   0.04231   0.00709  0.002558   0.05195        13       640    0.7507    0.6149    0.6542    0.2666   0.07584   0.01943   0.01991
     53/99     2.56G   0.04291  0.007183   0.00263   0.05272        28       640    0.7928    0.5656    0.6403    0.2695   0.07603   0.01969   0.02237
     54/99     2.56G   0.04245  0.007291  0.002261   0.05201        31       640    0.8403    0.6026    0.6717    0.2818   0.07531   0.01816   0.02182
     55/99     2.56G   0.04196  0.007308  0.002444   0.05171        41       640     0.797    0.5982    0.6555    0.2818   0.07476   0.01965   0.02272
     56/99     2.56G    0.0424  0.007125  0.002436   0.05196        17       640    0.7823    0.6017    0.6535    0.2815     0.074   0.01959   0.02162
     57/99     2.56G   0.04113  0.007026  0.002341    0.0505        23       640    0.8019    0.6084    0.6764    0.2993   0.07361   0.01908   0.02297
     58/99     2.56G   0.04155  0.007115  0.002198   0.05087        29       640    0.8286    0.6139    0.6842    0.2965    0.0738   0.01973   0.02177
     59/99     2.56G    0.0405  0.007079  0.002328    0.0499        19       640    0.8198    0.6195    0.6755    0.2953   0.07389   0.01929   0.02117
     60/99     2.56G   0.04124  0.007165  0.002447   0.05085        19       640    0.7802    0.6533    0.6894    0.2893   0.07316   0.01992   0.02169
     61/99     2.56G   0.04051  0.006861  0.002037   0.04941        21       640    0.8134    0.6139    0.6866    0.2992   0.07333    0.0188   0.02142
     62/99     2.56G   0.04079   0.00694  0.002556   0.05028        28       640    0.8115    0.6225    0.6861    0.3058   0.07287   0.01927   0.02191
     63/99     2.56G   0.04104  0.007188  0.002357   0.05058        26       640    0.8129    0.6178    0.6822    0.2943   0.07231   0.01911   0.02162
     64/99     2.56G    0.0403  0.007111  0.002274   0.04968        25       640    0.8384    0.6264    0.6867    0.2946   0.07242   0.01892   0.02069
     65/99     2.56G   0.04009  0.007114  0.002167   0.04937        14       640    0.8823      0.62    0.7012    0.3212   0.07153   0.01916   0.02126
     66/99     2.56G   0.04007  0.006837  0.002018   0.04892        18       640    0.8307     0.625    0.6881    0.3072   0.07214   0.01898   0.01991
     67/99     2.56G   0.03964  0.006909  0.002084   0.04864        13       640    0.8197    0.6191     0.691    0.3087   0.07177   0.01912   0.02083
     68/99     2.56G   0.03996  0.006933  0.002506    0.0494        41       640    0.8173    0.6425    0.7007    0.3126   0.07092   0.01887   0.02051
     69/99     2.56G   0.03951  0.006904   0.00162   0.04804        28       640    0.8522    0.6199    0.6948    0.3161    0.0715   0.01929   0.02125
     70/99     2.56G   0.03891  0.006812  0.002008   0.04773        32       640    0.8452    0.6594    0.7183    0.3167   0.07157   0.01888   0.02154
     71/99     2.56G   0.03956  0.007132  0.002092   0.04879        26       640    0.8419    0.6294    0.6989    0.3126   0.07144   0.01875   0.02095
     72/99     2.56G   0.03928  0.006984  0.001931   0.04819        23       640    0.8677    0.6227    0.7133    0.3188   0.07067   0.01871   0.02132
     73/99     2.56G   0.03904  0.007012  0.001957   0.04801        31       640    0.8701     0.634     0.706    0.3224    0.0705   0.01891   0.02079
     74/99     2.56G   0.03893  0.006942  0.001761   0.04764        17       640    0.8474    0.6314    0.7148    0.3163    0.0705   0.01929   0.02106
     75/99     2.56G   0.03883   0.00692  0.002411   0.04816        36       640    0.8595    0.6508    0.7153    0.3212   0.06987   0.01902   0.02193
     76/99     2.56G   0.03858  0.006923  0.001794   0.04729        30       640    0.8867    0.6286    0.7112    0.3257   0.06977   0.01921   0.02148
     77/99     2.56G   0.03836  0.007196  0.002087   0.04765        22       640    0.8584    0.6297    0.7071    0.3244   0.06985   0.01904   0.02126
     78/99     2.56G   0.03811  0.006864  0.002123    0.0471        36       640    0.8238     0.666    0.7221     0.325   0.06957   0.01884   0.02103
     79/99     2.56G   0.03873  0.007014  0.001961   0.04771        20       640    0.8845    0.6368    0.7277      0.33   0.06935   0.01885   0.02148
     80/99     2.56G    0.0384  0.006819  0.002115   0.04734        32       640    0.7903    0.6887    0.7334     0.337   0.06916   0.01869   0.02167
     81/99     2.56G   0.03828  0.006666  0.002042   0.04699        25       640    0.8673    0.6529    0.7298    0.3265   0.06925   0.01864   0.02185
     82/99     2.56G   0.03817  0.007018  0.002087   0.04727        32       640    0.8566    0.6536    0.7221    0.3279   0.06887   0.01897   0.02128
     83/99     2.56G   0.03786  0.006944  0.001792   0.04659        19       640    0.8145    0.6707    0.7217    0.3284    0.0688   0.01879   0.02151
     84/99     2.56G   0.03777  0.006968  0.001724   0.04646        18       640    0.8555    0.6617    0.7254    0.3314   0.06867   0.01879    0.0213
     85/99     2.56G   0.03783  0.006712  0.001775   0.04632        25       640    0.8675    0.6397    0.7238    0.3352   0.06869   0.01855   0.02149
     86/99     2.56G   0.03857  0.006861  0.001774    0.0472        21       640    0.8992    0.6326    0.7323    0.3301   0.06863   0.01863   0.02143
     87/99     2.56G   0.03773  0.006825   0.00177   0.04632        18       640    0.8798    0.6299    0.7176    0.3236   0.06872   0.01877   0.02128
     88/99     2.56G   0.03812  0.006716  0.001997   0.04683        33       640    0.8882    0.6418    0.7311    0.3289   0.06845   0.01856   0.02143
     89/99     2.56G   0.03761  0.007047   0.00166   0.04632        30       640     0.843    0.6651    0.7311    0.3308   0.06839   0.01861    0.0213
     90/99     2.56G   0.03776  0.007197  0.002294   0.04725        28       640    0.8892    0.6414    0.7253    0.3358   0.06819   0.01851   0.02127
     91/99     2.56G   0.03793  0.006923  0.001698   0.04655        26       640    0.8711    0.6457    0.7208    0.3294   0.06843   0.01868   0.02148
     92/99     2.56G   0.03715  0.006882  0.001505   0.04554        37       640    0.8722    0.6424    0.7278     0.338   0.06801   0.01853   0.02154
     93/99     2.56G   0.03741  0.006988  0.001625   0.04602        45       640    0.8497    0.6556     0.722     0.334    0.0681   0.01852   0.02137
     94/99     2.56G   0.03736  0.006989  0.002091   0.04644        17       640    0.8676    0.6363    0.7149    0.3304    0.0682   0.01855    0.0215
     95/99     2.56G   0.03731  0.007227   0.00198   0.04651        50       640    0.8977    0.6353    0.7299     0.335   0.06799    0.0185   0.02155
     96/99     2.56G   0.03722  0.006695  0.001776   0.04569        24       640    0.8651    0.6503    0.7286    0.3325   0.06825   0.01854   0.02154
     97/99     2.56G   0.03727  0.006946  0.001682    0.0459        53       640    0.8478    0.6695    0.7323    0.3376   0.06804   0.01849   0.02164
     98/99     2.56G   0.03702  0.006984  0.001508   0.04552        30       640    0.8506    0.6613    0.7231    0.3364   0.06828   0.01841   0.02158
     99/99     2.56G   0.03701  0.006932  0.001953    0.0459        19       640    0.8394    0.6647    0.7267    0.3352   0.06823   0.01852    0.0218
